1 5 20 6
3 3 10 30 100
6 1 16024555 0
3 2 15895629 4
3 2 765629 0
17 4 1120132 0
3 2 1895629 3
6 3 9024555 0
2 5 20 7
3 10 10 30 100
6 1 16024555 0
3 2 15895629 5
3 2 765629 0
17 4 1120139 0
5 4 1895629 0
6 3 9024555 0
10 4 2895629 0
3 5 30 7
5 5 5 5 5
6 1 16024555 0
3 2 15895629 0
3 2 765629 0
17 4 1120139 0
5 4 1895629 0
6 3 9024555 0
10 4 2895629 0
4 5 20 11
10 20 30 40 50
8 5 16024555 0
7 2 15895629 5
7 2 765629 0
11 4 1120132 5
11 4 1120144 0
8 1 1245455 5
7 3 1895629 1
7 1 121545 0
7 3 121545 0
8 1 121545 0
11 2 12121 0
5 5 20 1
10 20 30 40 50
1 5 16024555 0
0 0 0 0
